
Matrix A*B:
0.000000 0.000000 0.000000 0.000000 0.000000 -0.018182 0.018182 0.000000 0.000000 0.000000 
Matrix A:
-0.025000 -0.000000 -0.000000 -0.000000 -0.000000 -0.000000 -0.000000 -0.000000 -0.000000 -0.000000 
0.025000 -0.025000 0.000000 0.000000 0.000000 0.000000 0.000000 0.000000 0.000000 0.000000 
0.000000 0.000000 -0.138000 0.000000 0.000000 0.000000 0.001515 0.000000 0.000000 0.000000 
0.000000 0.025000 0.000000 -0.018987 0.066000 0.000000 0.000000 -97.777778 0.000000 -1.610000 
0.000000 0.000000 0.000000 0.018987 -0.097272 0.000000 0.000000 97.777778 -19.085410 0.000000 
0.000000 0.000000 0.000000 0.000000 0.000000 -0.018182 0.000000 0.000000 0.000000 0.000000 
0.000000 0.000000 0.000000 0.000000 0.000000 0.018182 -0.018182 0.000000 0.000000 0.000000 
0.000000 0.000000 0.003400 0.000000 0.000000 0.000000 0.000000 -0.006000 0.000000 0.000000 
0.000000 0.000000 0.056000 0.000000 0.000000 0.000000 0.000000 0.000000 -0.060000 0.000000 
0.000000 0.000000 0.024000 0.000000 0.000000 0.000000 0.000000 0.000000 0.000000 -0.030000 

Size H:
10.000000 1.000000 
Matrix A
-0.025000 0.025000 0.000000 0.000000 0.000000 0.000000 0.000000 0.000000 0.000000 0.000000 -0.000000 -0.025000 0.000000 0.025000 0.000000 0.000000 0.000000 0.000000 0.000000 0.000000 -0.000000 0.000000 -0.138000 0.000000 0.000000 0.000000 0.000000 0.003400 0.056000 0.024000 -0.000000 0.000000 0.000000 -0.018987 0.018987 0.000000 0.000000 0.000000 0.000000 0.000000 -0.000000 0.000000 0.000000 0.066000 -0.097272 0.000000 0.000000 0.000000 0.000000 0.000000 -0.000000 0.000000 0.000000 0.000000 0.000000 -0.018182 0.018182 0.000000 0.000000 0.000000 -0.000000 0.000000 0.001515 0.000000 0.000000 0.000000 -0.018182 0.000000 0.000000 0.000000 -0.000000 0.000000 0.000000 -97.777778 97.777778 0.000000 0.000000 -0.006000 0.000000 0.000000 -0.000000 0.000000 0.000000 0.000000 -19.085410 0.000000 0.000000 0.000000 -0.060000 0.000000 -0.000000 0.000000 0.000000 -1.610000 0.000000 0.000000 0.000000 0.000000 0.000000 -0.030000 
Matrix B
10.000000 1.000000 
Matrix C
1.000000 10.000000 
Matrix D
1.000000 1.000000 
Matrix G
0.882497 0.110312 -0.000000 0.006981 0.000202 0.000000 0.000000 0.000000 0.000000 -0.000000 0.000000 0.882497 -0.000000 0.112524 0.004719 0.000000 0.000000 0.000000 0.000000 -0.000000 0.000000 0.000000 0.501576 -4.232641 -5.508705 0.000000 0.000000 0.012077 0.171764 0.079807 0.000000 0.000000 -0.000000 0.922020 0.071816 0.000000 0.000000 0.000000 0.000000 -0.000000 0.000000 0.000000 0.000000 0.249641 0.625910 0.000000 0.000000 0.000000 0.000000 0.000000 0.000000 0.000000 0.000260 -0.000244 -0.000375 0.913101 0.083009 0.000002 0.000024 0.000011 0.000000 0.000000 0.005204 -0.010737 -0.015505 0.000000 0.913101 0.000050 0.000745 0.000336 0.000000 0.000000 -0.000000 -395.222407 363.811902 0.000000 0.000000 0.970446 -0.000000 -0.000000 0.000000 0.000000 0.000000 -11.805862 -64.853071 0.000000 0.000000 0.000000 0.740818 0.000000 0.000000 0.000000 -0.000000 -7.157348 -0.301323 0.000000 0.000000 -0.000000 0.000000 0.860708 
Matrix H
0.000000 0.000000 0.000465 -0.000248 -0.000398 4.779482 0.213936 0.000002 0.000032 0.000014 
Characteristic polynomial:
1.000000 -9.212672 38.443792 -95.897716 158.852603 -183.430056 150.625408 -87.933627 35.754709 -9.640470 1.550722 -0.112692 -0.000000 
Parameters: -0.000947 -0.000365 -0.004165

abc: -0.005477 0.009277 -0.004165

Discretisation: 5.000000
